"n_arco" "V1" "V2"
1 74 102
2 102 111
3 102 110
4 111 113
5 111 112
6 112 134
7 117 131
8 116 117
9 116 127
10 113 114
11 104 114
12 103 111
13 64 103
14 131 132
15 103 104
16 104 105
17 105 106
18 62 104
19 61 105
20 95 106
21 197 135
22 106 107
23 107 136
24 108 136
25 90 108
26 108 109
27 89 109
28 108 121
29 109 122
30 121 122
31 122 123
32 123 126
33 125 126
34 120 125
35 119 121
36 118 120
37 118 127
38 119 136
39 125 128
40 127 128
41 117 133
42 115 129
43 129 130
44 106 118
45 114 116
46 113 115
47 129 131
48 127 133
49 119 120
50 121 124
51 124 125
52 115 117