"n_arco" "V1" "V2"
1 1 15
2 16 15
3 15 14
4 14 13
5 13 12
6 12 11
7 11 10
8 10 9
9 9 8
10 15 18
11 42 18
12 18 19
13 19 20
14 20 23
15 23 24
16 24 27
17 27 28
18 28 29
19 14 2
20 3 13
21 4 12
22 11 5
23 6 10
24 7 9
25 9 26
26 26 25
27 26 28
28 22 25
29 25 10
30 24 25
31 21 22
32 12 21
33 21 20
34 22 23
35 11 22
36 13 19
37 39 40
38 39 41
39 37 39
40 37 38
41 19 37
42 35 36
43 35 33
44 33 34
45 33 31
46 32 31
47 31 30
48 31 27
49 33 24
50 35 20
51 42 41





